Date	CTD#	Station	Bottle	Longitude 	Latitude	Date	Depth (m)	Temp (C)	Salinity (PSU)	Oxygen	HgT (pM)	HgT (fM)	MMeHg (fM)	DMeHg (fM)	MeHgTOT (fM)
160821	1	160821_1	1	48.2492	89.5934	Aug 21 2016	4220.24	-0.63995	34.9406	6.3396					
160821	1	160821_1	2	48.2492	89.5934	Aug 21 2016	4220.251	-0.63985	34.94055	6.36535				19.61125	
160821	1	160821_1	3	48.2492	89.5934	Aug 21 2016	4220.255	-0.63985	34.94055	6.3557	0.48510789	485.1078895	517.1062201		536.7174701
160821	1	160821_1	4	48.2492	89.5934	Aug 21 2016	4000.569	-0.66315	34.94085	6.37095					
160821	1	160821_1	5	48.2492	89.5934	Aug 21 2016	3500.421	-0.71285	34.93585	6.40405				20.2935	
160821	1	160821_1	6	48.2492	89.5934	Aug 21 2016	3000.53	-0.73725	34.92945	6.44255	0.246783152	246.7831516	117.3343967		137.6278967
160821	1	160821_1	7	48.2492	89.5934	Aug 21 2016	2500.25	-0.7301	34.92245	6.47685				3.207	
160821	1	160821_1	8	48.2492	89.5934	Aug 21 2016	2000.582	-0.6432	34.91725	6.5079	0.224126676	224.1266759	281.8222747		285.0292747
160821	1	160821_1	9	48.2492	89.5934	Aug 21 2016	1000.413	-0.09655	34.90665	6.7495	0.153624358	153.6243585	201.3412982	45.806	247.1472982
160821	1	160821_1	10	48.2492	89.5934	Aug 21 2016	800.175	0.06745	34.8981	6.76605					
160821	1	160821_1	11	48.2492	89.5934	Aug 21 2016	500.23	0.5901	34.88485	6.76205	0.202749278	202.7492783	213.7887008	73.949	287.7377008
160821	1	160821_1	12	48.2492	89.5934	Aug 21 2016	350.453	1.1055	34.88265	6.7214					
160821	1	160821_1	13	48.2492	89.5934	Aug 21 2016	225.198	0.8305	34.81335	6.6629	0.600906103	600.9061026			
160821	1	160821_1	14	48.2492	89.5934	Aug 21 2016	225.217	0.83035	34.81325	6.65685					
160821	1	160821_1	15	48.2492	89.5934	Aug 21 2016	225.224	0.83045	34.8132	6.6621				43.768	
160821	1	160821_1	16	48.2492	89.5934	Aug 21 2016	80.279	-1.5597	33.8811	7.3701					
160821	1	160821_1	17	48.2492	89.5934	Aug 21 2016	80.281	-1.5573	33.8718	7.3745	0.394301662	394.3016617	24.8	37.232	62.032
160821	1	160821_1	18	48.2492	89.5934	Aug 21 2016	60.05	-1.4685	33.0696	6.97305					
160821	1	160821_1	19	48.2492	89.5934	Aug 21 2016	50.332	-1.39175	32.11745	6.80915	0.394021588	394.0215876	143.7786201	52.93	196.7086201
160821	1	160821_1	20	48.2492	89.5934	Aug 21 2016	7.914	-1.5278	28.9362	8.70235	1.075295103	1075.295103	24.8		
160821	1	160821_1	21	48.2492	89.5934	Aug 21 2016	7.92	-1.52775	28.93585	8.70035					
160821	1	160821_1	22	48.2492	89.5934	Aug 21 2016	2.019	-1.52655	28.93125	8.7066				3.604	
160821	1	160821_1	23	48.2492	89.5934	Aug 21 2016	2.018	-1.52675	28.9309	8.71035					
160902	1	160902_1	1	-141.4275	82.2361	Sep 2 2016	2690.175	-0.34645	34.9541	6.13445	0.238339802	238.3398024			
160902	1	160902_1	2	-141.4275	82.2361	Sep 2 2016	2690.19	-0.34645	34.95405	6.134					
160902	1	160902_1	3	-141.4275	82.2361	Sep 2 2016	2690.212	-0.34645	34.9541	6.13965					
160902	1	160902_1	4	-141.4275	82.2361	Sep 2 2016	2000.147	-0.40705	34.9432	6.3178	0.185414702	185.4147023	42.46667387	26.77483107	69.24150494
160902	1	160902_1	5	-141.4275	82.2361	Sep 2 2016	1500.016	-0.3175	34.9198	6.51425	0.346422875	346.4228752	105.5425453	37.09602427	142.6385696
160902	1	160902_1	6	-141.4275	82.2361	Sep 2 2016	1000.023	-0.03705	34.88655	6.5983	0.2397208	239.7208003	128.0945337	50.25883968	178.3533734
160902	1	160902_1	7	-141.4275	82.2361	Sep 2 2016	800.131	0.15465	34.8702	6.61355	0.314327942	314.3279419	171.3143683	56.15557733	227.4699456
160902	1	160902_1	8	-141.4275	82.2361	Sep 2 2016	600.357	0.4459	34.85985	6.5734	0.296569442	296.5694424	95.81100706	55.64234087	151.4533479
160902	1	160902_1	9	-141.4275	82.2361	Sep 2 2016	499.958	0.61155	34.85065	6.58655	0.422574036	422.5740361			
160902	1	160902_1	10	-141.4275	82.2361	Sep 2 2016	380.121	0.7796	34.83385	6.57035	0.558680399	558.6803988	207.5333855	112.4737187	320.0071041
160902	1	160902_1	11	-141.4275	82.2361	Sep 2 2016	380.186	0.7796	34.8338	6.5736					
160902	1	160902_1	12	-141.4275	82.2361	Sep 2 2016	380.229	0.77905	34.8338	6.5715					
160902	1	160902_1	13	-141.4275	82.2361	Sep 2 2016	179.847	-0.6272	34.31855	6.4229					
160902	1	160902_1	14	-141.4275	82.2361	Sep 2 2016	179.879	-0.62715	34.3183	6.4208			135.8529368	67.48130773	203.3342445
160902	1	160902_1	15	-141.4275	82.2361	Sep 2 2016	179.906	-0.6274	34.3181	6.41855					
160902	1	160902_1	16	-141.4275	82.2361	Sep 2 2016	179.935	-0.6275	34.318	6.41855					
160902	1	160902_1	17	-141.4275	82.2361	Sep 2 2016	127.891	-1.39725	33.07275	5.8005	0.733643969	733.6439685	146.0079787	57.62362565	203.6316043
160902	1	160902_1	18	-141.4275	82.2361	Sep 2 2016	84.831	-1.4678	32.07105	7.12765	0.562918581	562.9185814	59.86720115	49.09214048	108.9593416
160902	1	160902_1	19	-141.4275	82.2361	Sep 2 2016	63.798	-1.35695	31.5323	7.8777	0.613135139	613.1351393		5.603116739	
160902	1	160902_1	20	-141.4275	82.2361	Sep 2 2016	41.838	-1.44585	30.10455	9.0002	0.984570823	984.570823	26.33934169	18.50621224	44.84555393
160902	1	160902_1	21	-141.4275	82.2361	Sep 2 2016	19.649	-1.5303	28.54445	8.76895	1.204971147	1204.971147	29.23540811	1.504106115	30.73951422
160902	1	160902_1	22	-141.4275	82.2361	Sep 2 2016	8.02	-1.5318	28.5434	8.7723	1.181166988	1181.166988	24.8	0.964102538	25.76410254
160902	1	160902_1	23	-141.4275	82.2361	Sep 2 2016	8.018	-1.53175	28.54355	8.7731					
160905	1	160905_1	1	-172.4586	86.1216	Sep 5 2016	3870.389	-0.26375	34.9528	6.18595	0.374986757	374.9867568	41.42613659	41.02965988	82.45579647
160905	1	160905_1	2	-172.4586	86.1216	Sep 5 2016	3870.349	-0.2639	34.95285	6.192					
160905	1	160905_1	3	-172.4586	86.1216	Sep 5 2016	3400.281	-0.31135	34.95295	6.22025	0.392110003	392.1100026	51.7447957	63.801603	115.5463987
160905	1	160905_1	4	-172.4586	86.1216	Sep 5 2016	2999.675	-0.3448	34.953	6.22925				54.01023827	
160905	1	160905_1	5	-172.4586	86.1216	Sep 5 2016	2498.633	-0.37685	34.9518	6.2319				12.82719922	
160905	1	160905_1	6	-172.4586	86.1216	Sep 5 2016	1998.165	-0.40505	34.9468	6.29275	0.273456107	273.4561072	47.04753383	20.35414879	67.40168262
160905	1	160905_1	7	-172.4586	86.1216	Sep 5 2016	999.923	-0.1771	34.8863	6.6504				33.23011163	
160905	1	160905_1	8	-172.4586	86.1216	Sep 5 2016	748.503	0.0516	34.86995	6.6773	0.341545194	341.5451942	83.28311776	94.4125091	177.6956269
160905	1	160905_1	9	-172.4586	86.1216	Sep 5 2016	500.617	0.52825	34.8644	6.65775	0.313490087	313.490087	53.85679674	156.4844375	210.3412343
160905	1	160905_1	10	-172.4586	86.1216	Sep 5 2016	500.665	0.5282	34.86435	6.65625					
160905	1	160905_1	11	-172.4586	86.1216	Sep 5 2016	300.159	0.9316	34.84535	6.60495	0.389334438	389.3344376	181.2945694	103.0859359	284.3805053
160905	1	160905_1	12	-172.4586	86.1216	Sep 5 2016	300.213	0.93085	34.84535	6.6067			24.8		
160905	1	160905_1	13	-172.4586	86.1216	Sep 5 2016	300.273	0.9299	34.84535	6.607					
160905	1	160905_1	14	-172.4586	86.1216	Sep 5 2016	158.001	-0.0002	34.5462	6.68125			158.4735935	113.9859452	272.4595387
160905	1	160905_1	15	-172.4586	86.1216	Sep 5 2016	97.937	-1.20195	34.1812	6.90895	0.75243177	752.4317699	105.9926636	111.5190106	217.5116742
160905	1	160905_1	16	-172.4586	86.1216	Sep 5 2016	83.456	-1.44115	33.9709	6.9512				46.52062609	
160905	1	160905_1	17	-172.4586	86.1216	Sep 5 2016	64.912	-1.3404	33.2713	6.73695				27.47832066	
160905	1	160905_1	18	-172.4586	86.1216	Sep 5 2016	42.008	-1.49165	32.0328	7.388	0.420099101	420.099101		48.74895768	
160905	1	160905_1	19	-172.4586	86.1216	Sep 5 2016	31.954	-1.45145	30.9364	8.6509				0.983744082	
160905	1	160905_1	20	-172.4586	86.1216	Sep 5 2016	24.715	-1.54675	29.75335	8.8513				1.942724049	
160905	1	160905_1	21	-172.4586	86.1216	Sep 5 2016	19.86	-1.55255	29.7053	8.67765	0.721553116	721.5531156		3.043372438	
160905	1	160905_1	22	-172.4586	86.1216	Sep 5 2016	8.019	-1.5611	29.5966	8.58955	0.833385843	833.3858429	24.8	0	
160905	1	160905_1	23	-172.4586	86.1216	Sep 5 2016	8.017	-1.56115	29.59695	8.59					
160907	1	160907_1	1	136.5567	87.5934	Sep 7 2016	1263.779	-0.25805	34.91245	6.63845	0.335903635	335.9036349		91.47640368	
160907	1	160907_1	2	136.5567	87.5934	Sep 7 2016	1263.761	-0.25795	34.9125	6.63545					
160907	1	160907_1	3	136.5567	87.5934	Sep 7 2016	1197.692	-0.2062	34.9089	6.6535				29.88593956	
160907	1	160907_1	4	136.5567	87.5934	Sep 7 2016	998.368	-0.04315	34.90605	6.6872					
160907	1	160907_1	5	136.5567	87.5934	Sep 7 2016	847.797	0.07485	34.8988	6.71175	0.877793799	877.7937993		47.3001499	
160907	1	160907_1	6	136.5567	87.5934	Sep 7 2016	548.375	0.486	34.8848	6.7095					
160907	1	160907_1	7	136.5567	87.5934	Sep 7 2016	448.586	0.77755	34.8836	6.6974					
160907	1	160907_1	8	136.5567	87.5934	Sep 7 2016	350.438	1.12085	34.88285	6.666	0.08869	88.69			
160907	1	160907_1	9	136.5567	87.5934	Sep 7 2016	350.475	1.121	34.88295	6.66385					
160907	1	160907_1	10	136.5567	87.5934	Sep 7 2016	250.323	1.0435	34.8564	6.61825	0.201665446	201.6654456		75.12721001	
160907	1	160907_1	11	136.5567	87.5934	Sep 7 2016	250.338	1.0435	34.8564	6.6163					
160907	1	160907_1	12	136.5567	87.5934	Sep 7 2016	214.834	0.83215	34.8138	6.597	0.258259977	258.2599773	53.53691788	50.60971567	104.1466335
160907	1	160907_1	13	136.5567	87.5934	Sep 7 2016	214.847	0.83225	34.8138	6.59975					
160907	1	160907_1	14	136.5567	87.5934	Sep 7 2016	214.851	0.8322	34.81375	6.5991					
160907	1	160907_1	15	136.5567	87.5934	Sep 7 2016	137.389	-0.347	34.5113	6.8667				98.01071374	
160907	1	160907_1	16	136.5567	87.5934	Sep 7 2016	84.753	-1.50375	34.16745	7.1612	0.301191916	301.1919164	40.53873212	41.4638111	82.00254322
160907	1	160907_1	17	136.5567	87.5934	Sep 7 2016	63.95	-1.4984	33.8657	7.0633				42.9712378	
160907	1	160907_1	18	136.5567	87.5934	Sep 7 2016	49.804	-1.48885	33.4394	7.12165				31.62998683	
160907	1	160907_1	19	136.5567	87.5934	Sep 7 2016	40.443	-1.4119	32.99275	6.81755	0.657843688	657.8436884		26.96229652	
160907	1	160907_1	20	136.5567	87.5934	Sep 7 2016	35.32	-1.3948	32.17065	7.05735				24.15229916	
160907	1	160907_1	21	136.5567	87.5934	Sep 7 2016	24.94	-1.56095	29.27695	8.40275	0.747042407	747.0424068	24.8	3.980965126	28.78096513
160907	1	160907_1	22	136.5567	87.5934	Sep 7 2016	15.13	-1.56095	29.2757	8.41915				0.537492358	
160907	1	160907_1	23	136.5567	87.5934	Sep 7 2016	8.323	-1.5638	29.2735	8.42355	0.859006844	859.0068439	24.8	2.519228799	27.3192288
160911	2	160911_2	1	10.0901	88.0523	Sep 11 2016	4352.291	-0.62495	34.9405	6.36245	0.586574554	586.5745543	153.0139211	120.9009242	273.9148453
160911	2	160911_2	2	10.0901	88.0523	Sep 11 2016	4351.964	-0.6247	34.9404	6.34735					
160911	2	160911_2	3	10.0901	88.0523	Sep 11 2016	3000.056	-0.72815	34.92735	6.44755				2.773147362	
160911	2	160911_2	4	10.0901	88.0523	Sep 11 2016	2500.664	-0.69915	34.92035	6.4758					
160911	2	160911_2	5	10.0901	88.0523	Sep 11 2016	1950.218	-0.4665	34.93475	6.3667	0.335745267	335.7452675	48.67196948	20.46666175	69.13863123
160911	2	160911_2	6	10.0901	88.0523	Sep 11 2016	1500.55	-0.46405	34.92005	6.5275					
160911	2	160911_2	7	10.0901	88.0523	Sep 11 2016	1296.513	-0.37085	34.9128	6.6196					
160911	2	160911_2	8	10.0901	88.0523	Sep 11 2016	900.209	-0.0101	34.9014	6.7284	0.41233285	412.3328496	32.11154203	19.59425276	51.70579479
160911	2	160911_2	9	10.0901	88.0523	Sep 11 2016	700.466	0.16425	34.8825	6.7563					
160911	2	160911_2	10	10.0901	88.0523	Sep 11 2016	500.507	0.688	34.87895	6.711			73.49131144	152.1063669	225.5976783
160911	2	160911_2	11	10.0901	88.0523	Sep 11 2016	500.526	0.6912	34.87905	6.70775					
160911	2	160911_2	12	10.0901	88.0523	Sep 11 2016	500.545	0.69185	34.8791	6.7109					
160911	2	160911_2	13	10.0901	88.0523	Sep 11 2016	390.507	1.0879	34.8788	6.6645			99.10663145	100.5921397	199.6987712
160911	2	160911_2	14	10.0901	88.0523	Sep 11 2016	310.37	1.12395	34.85815	6.6115					
160911	2	160911_2	15	10.0901	88.0523	Sep 11 2016	260.436	1.02895	34.8205	6.58255	0.766549998	766.5499982	40.93463724	75.10239491	116.0370321
160911	2	160911_2	16	10.0901	88.0523	Sep 11 2016	260.433	1.0289	34.82055	6.58165					
160911	2	160911_2	17	10.0901	88.0523	Sep 11 2016	200.09	0.3972	34.64085	6.62665			162.0920972	74.21438737	236.3064845
160911	2	160911_2	18	10.0901	88.0523	Sep 11 2016	120.652	-1.44135	34.1441	7.1305				14.93855735	
160911	2	160911_2	19	10.0901	88.0523	Sep 11 2016	85.452	-1.7279	33.7957	7.9023				30.69974245	
160911	2	160911_2	20	10.0901	88.0523	Sep 11 2016	47.986	-1.78915	33.22125	8.3696					
160911	2	160911_2	21	10.0901	88.0523	Sep 11 2016	20.342	-1.6271	30.18165	8.46205				7.128993841	
160911	2	160911_2	22	10.0901	88.0523	Sep 11 2016	8.354	-1.62555	29.9399	8.4819	1.267653671	1267.653671			
160911	2	160911_2	23	10.0901	88.0523	Sep 11 2016	8.357	-1.62565	29.9398	8.48					
160912	1	160912_1	1	10.1809	86.5941	Sep 12 2016	4326.427	-0.62725	34.94035	6.3529	0.424622116	424.622116	72.60530266	11.54738708	84.15268974
160912	1	160912_1	2	10.1809	86.5941	Sep 12 2016	4326.427	-0.6272	34.94035	6.3481					
160912	1	160912_1	3	10.1809	86.5941	Sep 12 2016	4000.202	-0.6625	34.94045	6.3696					
160912	1	160912_1	4	10.1809	86.5941	Sep 12 2016	3500.539	-0.7125	34.93555	6.39965					
160912	1	160912_1	5	10.1809	86.5941	Sep 12 2016	2999.873	-0.73855	34.92905	6.4376	0.551217036	551.2170356	57.93805153	21.09999466	79.03804619
160912	1	160912_1	6	10.1809	86.5941	Sep 12 2016	2501.476	-0.7325	34.9219	6.4782					
160912	1	160912_1	7	10.1809	86.5941	Sep 12 2016	1900.398	-0.6054	34.9191	6.49775					
160912	1	160912_1	8	10.1809	86.5941	Sep 12 2016	1010.521	-0.1814	34.89365	6.75195				26.17142333	
160912	1	160912_1	9	10.1809	86.5941	Sep 12 2016	750.85	0.09185	34.87975	6.7576					
160912	1	160912_1	10	10.1809	86.5941	Sep 12 2016	750.868	0.09185	34.87975	6.7581				15.63442561	
160912	1	160912_1	11	10.1809	86.5941	Sep 12 2016	500.477	0.70525	34.8775	6.70165					
160912	1	160912_1	12	10.1809	86.5941	Sep 12 2016	500.518	0.707	34.87745	6.6952				66.99541089	
160912	1	160912_1	13	10.1809	86.5941	Sep 12 2016	400.437	1.0501	34.87745	6.65885					
160912	1	160912_1	14	10.1809	86.5941	Sep 12 2016	400.44	1.05055	34.87745	6.66185			87.50015709	38.9812568	126.4814139
160912	1	160912_1	15	10.1809	86.5941	Sep 12 2016	300.204	1.16385	34.8603	6.59855	0.522435504	522.4355045	24.8	13.61947847	38.41947847
160912	1	160912_1	16	10.1809	86.5941	Sep 12 2016	250.632	1.0869	34.82365	6.5728					
160912	1	160912_1	17	10.1809	86.5941	Sep 12 2016	201.005	0.43705	34.66145	6.66435				39.19141833	
160912	1	160912_1	18	10.1809	86.5941	Sep 12 2016	100.688	-1.6233	34.01995	7.52015					
160912	1	160912_1	19	10.1809	86.5941	Sep 12 2016	50.454	-1.77395	33.33735	8.22535				12.01579177	
160912	1	160912_1	20	10.1809	86.5941	Sep 12 2016	28.451	-1.7471	32.9034	8.35505				11.19806587	
160912	1	160912_1	21	10.1809	86.5941	Sep 12 2016	15.22	-1.69605	31.2151	8.5103				4.518281477	
160912	1	160912_1	22	10.1809	86.5941	Sep 12 2016	7.733	-1.6962	31.2139	8.51015	0.63559331	635.5933095	24.8	1.208613887	26.00861389
160912	1	160912_1	23	10.1809	86.5941	Sep 12 2016	7.733	-1.69625	31.2137	8.51055					
160912	2	160912_2	1	13.5776	86.223	Sep 12 2016	3572.683	-0.70065	34.93685	6.3826				0.831433373	
160912	2	160912_2	2	13.5776	86.223	Sep 12 2016	3500.23	-0.7065	34.9361	6.39415					
160912	2	160912_2	3	13.5776	86.223	Sep 12 2016	3250.429	-0.7251	34.9342	6.41285					
160912	2	160912_2	4	13.5776	86.223	Sep 12 2016	3002.174	-0.7399	34.93075	6.437					
160912	2	160912_2	5	13.5776	86.223	Sep 12 2016	2500.416	-0.7407	34.92285	6.4809				5.747679589	
160912	2	160912_2	6	13.5776	86.223	Sep 12 2016	1901.161	-0.6138	34.91975	6.49565				9.787191098	
160912	2	160912_2	7	13.5776	86.223	Sep 12 2016	1500.391	-0.5105	34.91205	6.60105					
160912	2	160912_2	8	13.5776	86.223	Sep 12 2016	1100.384	-0.28305	34.89945	6.7453				0.808371626	
160912	2	160912_2	9	13.5776	86.223	Sep 12 2016	800.429	-0.0167	34.88385	6.75555					
160912	2	160912_2	10	13.5776	86.223	Sep 12 2016	596.398	0.32445	34.8755	6.72065				0	
160912	2	160912_2	11	13.5776	86.223	Sep 12 2016	400.077	0.9186	34.87455	6.666			101.3606897	22.04310025	123.4037899
160912	2	160912_2	12	13.5776	86.223	Sep 12 2016	350.502	1.0714	34.8732	6.63955				2.807662162	
160912	2	160912_2	13	13.5776	86.223	Sep 13 2016	259.932	1.11135	34.8427	6.5746					
160912	2	160912_2	14	13.5776	86.223	Sep 13 2016	224.976	1.0784	34.8228	6.56195					
160912	2	160912_2	15	13.5776	86.223	Sep 13 2016	159.918	0.394	34.63405	6.61685				9.751197614	
160912	2	160912_2	16	13.5776	86.223	Sep 13 2016	130.963	-0.3213	34.479	6.7544					
160912	2	160912_2	17	13.5776	86.223	Sep 13 2016	100.858	-1.1876	34.29015	7.1132					
160912	2	160912_2	18	13.5776	86.223	Sep 13 2016	61.136	-1.6963	33.92665	7.67545				3.999835085	
160912	2	160912_2	19	13.5776	86.223	Sep 13 2016	61.141	-1.69315	33.9322	7.70605					
160912	2	160912_2	20	13.5776	86.223	Sep 13 2016	50.346	-1.7883	33.7957	8.035					
160912	2	160912_2	21	13.5776	86.223	Sep 13 2016	40.344	-1.7721	33.62045	8.11505				10.16124192	
160912	2	160912_2	22	13.5776	86.223	Sep 13 2016	30.432	-1.72515	33.37095	8.25945				0	
160912	2	160912_2	23	13.5776	86.223	Sep 13 2016	20.317	-1.72505	31.68555	8.4857			42.88966294	3.186750832	46.07641377
160914	1	160914_1	1	17.2364	84.2433	Sep 14 2016	2502.37	-0.77105	34.9296	4.6733805			81.70116305	0	81.70116305
160914	1	160914_1	2	17.2364	84.2433	Sep 14 2016	2300.554	-0.7684	34.92665	4.664886					
160914	1	160914_1	3	17.2364	84.2433	Sep 14 2016	2099.006	-0.7565	34.9237	4.6651205					
160914	1	160914_1	4	17.2364	84.2433	Sep 14 2016	1999.729	-0.74515	34.92235	4.6681135					
160914	1	160914_1	5	17.2364	84.2433	Sep 14 2016	1899.584	-0.7314	34.9214	4.6674355					
160914	1	160914_1	6	17.2364	84.2433	Sep 14 2016	1499.391	-0.62485	34.9168	4.678816				2.081341732	
160914	1	160914_1	7	17.2364	84.2433	Sep 14 2016	1200.236	-0.4596	34.91035	4.710878					
160914	1	160914_1	8	17.2364	84.2433	Sep 14 2016	999.364	-0.25905	34.9043	4.7386575			85.05166901		85.05166901
160914	1	160914_1	9	17.2364	84.2433	Sep 14 2016	799.303	0.06015	34.90085	4.7720765	0.302471498	302.4714978			
160914	1	160914_1	10	17.2364	84.2433	Sep 14 2016	599.704	0.69515	34.90905	4.798668			24.8	17.24894601	42.04894601
160914	1	160914_1	11	17.2364	84.2433	Sep 14 2016	400.332	1.43865	34.91635	4.8127145				10.61807956	
160914	1	160914_1	12	17.2364	84.2433	Sep 14 2016	299.594	1.6272	34.8987	4.801735				35.08673953	
160914	1	160914_1	13	17.2364	84.2433	Sep 14 2016	200.434	1.384	34.8501	4.787263			61.67495983	6.387371288	68.06233112
160914	1	160914_1	14	17.2364	84.2433	Sep 14 2016	159.772	1.2391	34.82835	4.787042					
160914	1	160914_1	15	17.2364	84.2433	Sep 14 2016	129.871	-0.05	34.60545	4.7951415					
160914	1	160914_1	16	17.2364	84.2433	Sep 14 2016	99.155	-0.89565	34.47545	5.0693185				0	
160914	1	160914_1	17	17.2364	84.2433	Sep 14 2016	80.056	-1.22445	34.42495	5.057917					
160914	1	160914_1	18	17.2364	84.2433	Sep 14 2016	60.075	-1.7985	34.1372	5.393061			46.04933739	0	46.04933739
160914	1	160914_1	19	17.2364	84.2433	Sep 14 2016	49.622	-1.8093	34.10815	5.435438					
160914	1	160914_1	20	17.2364	84.2433	Sep 14 2016	40.314	-1.782	34.08775	5.5004735				0	
160914	1	160914_1	21	17.2364	84.2433	Sep 14 2016	29.668	-1.76085	33.59085	5.5605425			37.15713466	5.508806461	42.66594112
160914	1	160914_1	22	17.2364	84.2433	Sep 14 2016	19.803	-1.7892	33.3633	5.585172	0.407763833	407.7638328		8.656340348	
160914	1	160914_1	23	17.2364	84.2433	Sep 14 2016	9.684	-1.79545	33.33065	5.592124			24.8	0	24.8
160915	1	160915_1	1	17.2965	83.1477	Sep 15 2016	2505.566	-0.764	34.929	4.679			90.52632093	59.7408586	150.2671795
160915	1	160915_1	2	17.2965	83.1477	Sep 15 2016	2505.528	-0.764	34.929	4.678					
160915	1	160915_1	3	17.2965	83.1477	Sep 15 2016	2249.964	-0.754	34.925	4.671					
160915	1	160915_1	4	17.2965	83.1477	Sep 15 2016	1999.988	-0.727	34.922	4.674				12.22565599	
160915	1	160915_1	5	17.2965	83.1477	Sep 15 2016	1750.807	-0.675	34.919	4.677					
160915	1	160915_1	6	17.2965	83.1477	Sep 15 2016	1499.755	-0.601	34.916	4.687					
160915	1	160915_1	7	17.2965	83.1477	Sep 15 2016	1250.856	-0.477	34.911	4.706				30.15327925	
160915	1	160915_1	8	17.2965	83.1477	Sep 15 2016	999.527	-0.264	34.903	4.734					
160915	1	160915_1	9	17.2965	83.1477	Sep 15 2016	800.892	0.049	34.898	4.767			68.27865377	22.46798617	90.74663994
160915	1	160915_1	10	17.2965	83.1477	Sep 15 2016	801.004	0.05	34.898	4.767					
160915	1	160915_1	11	17.2965	83.1477	Sep 15 2016	600.932	0.667	34.906	4.792				3.892431069	
160915	1	160915_1	12	17.2965	83.1477	Sep 15 2016	600.963	0.667	34.906	4.791					
160915	1	160915_1	13	17.2965	83.1477	Sep 15 2016	400.706	1.384	34.912	4.798				15.15423168	
160915	1	160915_1	14	17.2965	83.1477	Sep 15 2016	400.768	1.385	34.912	4.798					
160915	1	160915_1	15	17.2965	83.1477	Sep 15 2016	300.498	1.555	34.894	4.775					
160915	1	160915_1	16	17.2965	83.1477	Sep 15 2016	136.07	0.35	34.633	4.827				67.29177356	
160915	1	160915_1	17	17.2965	83.1477	Sep 15 2016	136.093	0.348	34.634	4.827					
160915	1	160915_1	18	17.2965	83.1477	Sep 15 2016	99.882	-0.603	34.483	4.98				51.28468468	
160915	1	160915_1	19	17.2965	83.1477	Sep 15 2016	59.004	-1.688	34.333	5.241					
160915	1	160915_1	20	17.2965	83.1477	Sep 15 2016	39.54	-1.696	34.234	5.33				26.84267781	
160915	1	160915_1	21	17.2965	83.1477	Sep 15 2016	30.229	-1.727	33.816	5.417					
160915	1	160915_1	22	17.2965	83.1477	Sep 15 2016	20.308	-1.792	33.34	5.486			50.46966659	29.25624219	79.72590878
160915	1	160915_1	23	17.2965	83.1477	Sep 15 2016	7.825	-1.8	33.21	5.487				0	
160810	2	160810_2	1	8.00078	80.56208	Aug 10 2016	849.928	-0.4915	34.91075	6.5959					
160810	2	160810_2	2	8.00078	80.56208	Aug 10 2016	849.964	-0.4911	34.9108	6.58885					
160810	2	160810_2	3	8.00078	80.56208	Aug 10 2016	849.937	-0.4915	34.91085	6.58815					
160810	2	160810_2	4	8.00078	80.56208	Aug 10 2016	849.896	-0.49155	34.91085	6.59435	0.34993725	349.9372496			
160810	2	160810_2	5	8.00078	80.56208	Aug 10 2016	849.88	-0.49135	34.91075	6.5865					
160810	2	160810_2	6	8.00078	80.56208	Aug 10 2016	599.974	0.48525	34.92505	6.72705	0.577720956	577.7209562			
160810	2	160810_2	7	8.00078	80.56208	Aug 10 2016	400.065	1.79	34.95075	6.70685					
160810	2	160810_2	8	8.00078	80.56208	Aug 10 2016	399.925	1.7914	34.95075	6.7065					
160810	2	160810_2	9	8.00078	80.56208	Aug 10 2016	399.978	1.7914	34.9508	6.70685					
160810	2	160810_2	10	8.00078	80.56208	Aug 10 2016	400.108	1.7899	34.951	6.7079					
160810	2	160810_2	11	8.00078	80.56208	Aug 10 2016	300.108	2.55235	34.98445	6.7607	0.797799719	797.7997192			
160810	2	160810_2	12	8.00078	80.56208	Aug 10 2016	200.637	3.14255	35.013	6.7163					
160810	2	160810_2	13	8.00078	80.56208	Aug 10 2016	200.659	3.1449	35.01335	6.71685					
160810	2	160810_2	14	8.00078	80.56208	Aug 10 2016	149.853	2.8989	34.9591	6.6667					
160810	2	160810_2	15	8.00078	80.56208	Aug 10 2016	99.929	2.5633	34.86975	6.60955	0.484343072	484.3430723			
160810	2	160810_2	16	8.00078	80.56208	Aug 10 2016	49.859	-0.46085	34.4939	7.31935	0.647242804	647.2428039			
160810	2	160810_2	17	8.00078	80.56208	Aug 10 2016	25.132	-0.65685	34.0554	8.8542	0.769508159	769.5081594			
160810	2	160810_2	18	8.00078	80.56208	Aug 10 2016	25.141	-0.5669	34.02505	8.87845					
160810	2	160810_2	19	8.00078	80.56208	Aug 10 2016	7.872	-1.1042	30.97775	8.67035					
160810	2	160810_2	20	8.00078	80.56208	Aug 10 2016	7.863	-1.10715	30.97905	8.69165					
160810	2	160810_2	21	8.00078	80.56208	Aug 10 2016	7.863	-1.0982	30.90935	8.6969					
160810	2	160810_2	22	8.00078	80.56208	Aug 10 2016	7.87	-1.1454	30.8459	8.7133	1.459643322	1459.643322			
160810	2	160810_2	23	8.00078	80.56208	Aug 10 2016	7.87	-1.1724	30.84455	8.6935					
160811	1	160811_1	1	6.14062	80.1349	Aug 11 2016	721.135	0.07315	34.91845	6.73515					
160811	1	160811_1	2	6.14062	80.1349	Aug 11 2016	721.3	0.07315	34.91845	6.73205					
160811	1	160811_1	3	6.14062	80.1349	Aug 11 2016	721.142	0.0735	34.9185	6.7359					
160811	1	160811_1	4	6.14062	80.1349	Aug 11 2016	721.058	0.0735	34.9185	6.7371					
160811	1	160811_1	5	6.14062	80.1349	Aug 11 2016	721.052	0.0737	34.91845	6.73425					212.2401533
160811	1	160811_1	6	6.14062	80.1349	Aug 11 2016	601.055	0.7128	34.9324	6.88615					193.4621124
160811	1	160811_1	7	6.14062	80.1349	Aug 11 2016	530.305	1.6296	34.9733	6.8838					238.1620831
160811	1	160811_1	8	6.14062	80.1349	Aug 11 2016	499.743	1.81745	34.97275	6.8091					77.98059129
160811	1	160811_1	9	6.14062	80.1349	Aug 11 2016	479.911	1.9842	34.9827	6.82					125.0417761
160811	1	160811_1	10	6.14062	80.1349	Aug 11 2016	400.09	2.31085	34.97295	6.7622					
160811	1	160811_1	11	6.14062	80.1349	Aug 11 2016	75.389	3.94675	35.0475	6.60735					
160811	1	160811_1	12	6.14062	80.1349	Aug 11 2016	75.422	3.9516	35.04845	6.6079					
160811	1	160811_1	13	6.14062	80.1349	Aug 11 2016	75.475	3.9566	35.04925	6.60265					
160811	1	160811_1	14	6.14062	80.1349	Aug 11 2016	75.509	3.95505	35.04895	6.60175					
160811	1	160811_1	15	6.14062	80.1349	Aug 11 2016	75.512	3.95365	35.0489	6.6027					29.32476983
160811	1	160811_1	16	6.14062	80.1349	Aug 11 2016	50.11	3.47685	34.92995	6.7122					189.7489298
160811	1	160811_1	17	6.14062	80.1349	Aug 11 2016	50.283	3.47735	34.93025	6.71595					24.8
160811	1	160811_1	18	6.14062	80.1349	Aug 11 2016	29.979	2.68025	34.6917	7.33335					
160811	1	160811_1	19	6.14062	80.1349	Aug 11 2016	29.822	2.70245	34.69165	7.3315					59.95324104
160811	1	160811_1	20	6.14062	80.1349	Aug 11 2016	7.771	3.1033	33.05205	7.3904					
160811	1	160811_1	21	6.14062	80.1349	Aug 11 2016	7.852	3.09755	33.04655	7.3934					
160811	1	160811_1	22	6.14062	80.1349	Aug 11 2016	7.88	3.09325	33.04245	7.3947					
160811	1	160811_1	23	6.14062	80.1349	Aug 11 2016	7.835	3.0895	33.0404	7.3958	1.079597116	1079.597116			24.8
160816	1	160816_1	1	-69.67827	89.34418	Aug 16 2016	3710.47	-0.6927	34.9396	6.3888					
160816	1	160816_1	2	-69.67828	89.34419	Aug 16 2016	3710.313	-0.69275	34.93965	6.3884	0.761239007	761.2390075			
160816	1	160816_1	3	-69.67829	89.34420	Aug 16 2016	3710.335	-0.69275	34.9397	6.39045					
160816	1	160816_1	4	-69.67830	89.34421	Aug 16 2016	2999.168	-0.7378	34.93045	6.4545	0.510247656	510.2476559			
160816	1	160816_1	5	-69.67831	89.34422	Aug 16 2016	1899.147	-0.5483	34.9227	6.48945	0.340760679	340.7606791			
160816	1	160816_1	6	-69.67832	89.34423	Aug 16 2016	999.817	-0.10215	34.9013	6.75595	0.432732059	432.732059			
160816	1	160816_1	7	-69.67833	89.34424	Aug 16 2016	899.181	-0.0098	34.8945	6.77755					
160816	1	160816_1	8	-69.67834	89.34425	Aug 16 2016	798.937	0.1077	34.8921	6.7733					
160816	1	160816_1	9	-69.67835	89.34426	Aug 16 2016	598.564	0.4554	34.8872	6.75815					
160816	1	160816_1	10	-69.67836	89.34427	Aug 16 2016	498.508	0.65925	34.8808	6.7253					
160816	1	160816_1	11	-69.67837	89.34428	Aug 16 2016	399.041	0.96175	34.877	6.7113	0.45525563	455.2556302			
160816	1	160816_1	12	-69.67838	89.34429	Aug 16 2016	298.477	1.0867	34.85875	6.6635					
160816	1	160816_1	13	-69.67839	89.34430	Aug 16 2016	220.289	0.91445	34.8168	6.64055					
160816	1	160816_1	14	-69.67840	89.34431	Aug 16 2016	220.369	0.91545	34.81695	6.6346	0.287836863	287.8368625			
160816	1	160816_1	15	-69.67841	89.34432	Aug 16 2016	220.443	0.9157	34.8169	6.6353					
160816	1	160816_1	16	-69.67842	89.34433	Aug 16 2016	140.514	-0.5733	34.4415	6.86875	0.741294581	741.2945814			
160816	1	160816_1	17	-69.67843	89.34434	Aug 16 2016	140.579	-0.57355	34.4412	6.86675					
160816	1	160816_1	18	-69.67844	89.34435	Aug 16 2016	30.119	-1.3808	29.42415	8.7549					
160816	1	160816_1	19	-69.67845	89.34436	Aug 16 2016	30.145	-1.37945	29.3893	8.78725	0.872212332	872.2123321			
160816	1	160816_1	20	-69.67846	89.34437	Aug 16 2016	30.174	-1.37935	29.38145	8.8071					
160816	1	160816_1	21	-69.67847	89.34438	Aug 16 2016	8.061	-1.51765	28.80385	8.81125					
160816	1	160816_1	22	-69.67848	89.34439	Aug 16 2016	8.076	-1.51825	28.8044	8.81195					
160816	1	160816_1	23	-69.67849	89.34440	Aug 16 2016	8.083	-1.5184	28.8039	8.81735					
160816	2	160816_2	1	-70.00681	89.31948	Aug 16 2016	3717.28	-0.69145	34.9396	6.40095					
160816	2	160816_2	2	-70.00682	89.31949	Aug 16 2016	3716.883	-0.6913	34.9395	6.40555	0.689205475	689.2054747			283.3710244
160816	2	160816_2	3	-70.00683	89.31950	Aug 16 2016	3500.352	-0.70845	34.9355	6.41425					
160816	2	160816_2	4	-70.00684	89.31951	Aug 16 2016	3000.088	-0.7325	34.92935	6.45415					
160816	2	160816_2	5	-70.00685	89.31952	Aug 16 2016	2500.441	-0.7262	34.9228	6.49685	0.3446889	344.6888996			
160816	2	160816_2	6	-70.00686	89.31953	Aug 16 2016	1874.14	-0.55335	34.92195	6.4936					
160816	2	160816_2	7	-70.00687	89.31954	Aug 16 2016	1500.311	-0.43305	34.91405	6.6313					
160816	2	160816_2	8	-70.00688	89.31955	Aug 16 2016	1000.289	-0.07305	34.90335	6.74695	0.246283697	246.2836972			185.5944222
160816	2	160816_2	9	-70.00689	89.31956	Aug 17 2016	500.953	0.6725	34.88265	6.73015					
160816	2	160816_2	10	-70.00690	89.31957	Aug 17 2016	400.025	0.97975	34.8782	6.71895					
160816	2	160816_2	11	-70.00691	89.31958	Aug 17 2016	300.833	1.02985	34.85485	6.66075	0.31505278	315.05278			
160816	2	160816_2	12	-70.00692	89.31959	Aug 17 2016	250.099	0.83605	34.8134	6.63975					
160816	2	160816_2	13	-70.00693	89.31960	Aug 17 2016	250.193	0.83565	34.8134	6.6453	0.439330437	439.3304366			294.9085965
160816	2	160816_2	14	-70.00694	89.31961	Aug 17 2016	250.231	0.8357	34.81335	6.64535					
160816	2	160816_2	15	-70.00695	89.31962	Aug 17 2016	200.539	0.544	34.7266	6.70535					
160816	2	160816_2	16	-70.00696	89.31963	Aug 17 2016	149.913	-0.5257	34.4822	6.9068					
160816	2	160816_2	17	-70.00697	89.31964	Aug 17 2016	110.06	-1.18985	34.2543	7.0587	0.448528913	448.5289126			229.9891924
160816	2	160816_2	18	-70.00698	89.31965	Aug 17 2016	80.007	-1.4787	33.7659	6.98905					
160816	2	160816_2	19	-70.00699	89.31966	Aug 17 2016	60.421	-1.45285	33.09825	6.89025					
160816	2	160816_2	20	-70.00700	89.31967	Aug 17 2016	40.2	-1.3369	31.0012	7.2994	0.705366034	705.3660336			130.1214706
160816	2	160816_2	21	-70.00701	89.31968	Aug 17 2016	19.711	-1.512	28.8161	8.7897					
160816	2	160816_2	22	-70.00702	89.31969	Aug 17 2016	18.967	-1.51395	28.8154	8.78985	1.01329096	1013.29096			24.8
160816	2	160816_2	23	-70.00703	89.31970	Aug 17 2016	7.806	-1.5156	28.81305	8.80225					
160829	1	160829_1	1	-148.0568	86.0628	Aug 29 2016	2597.515	-0.3576	34.9521	6.16115					
160829	1	160829_1	2	-148.0568	86.0628	Aug 29 2016	2597.537	-0.3576	34.9521	6.1626			44.05102482	20.85569919	64.90672401
160829	1	160829_1	3	-148.0568	86.0628	Aug 29 2016	2000.678	-0.39935	34.9446	6.28575					
160829	1	160829_1	4	-148.0568	86.0628	Aug 29 2016	1500.435	-0.3593	34.91755	6.535			27.47433316	19.2368392	46.71117235
160829	1	160829_1	5	-148.0568	86.0628	Aug 29 2016	1000.243	-0.11425	34.88185	6.70995					
160829	1	160829_1	6	-148.0568	86.0628	Aug 29 2016	749.382	0.16045	34.86705	6.7286					
160829	1	160829_1	7	-148.0568	86.0628	Aug 29 2016	500.191	0.649	34.8585	6.68605			103.0857032	26.45517655	129.5408798
160829	1	160829_1	8	-148.0568	86.0628	Aug 29 2016	500.201	0.6492	34.85845	6.6863					
160829	1	160829_1	9	-148.0568	86.0628	Aug 29 2016	320.472	0.88675	34.8396	6.6228			82.64069371	42.01483195	124.6555257
160829	1	160829_1	10	-148.0568	86.0628	Aug 29 2016	219.457	0.46245	34.69965	6.54775					
160829	1	160829_1	11	-148.0568	86.0628	Aug 29 2016	219.465	0.4597	34.6982	6.5454			150.149115	42.45946451	192.6085795
160829	1	160829_1	12	-148.0568	86.0628	Aug 29 2016	180.457	-0.06865	34.53215	6.59945			113.5036254	36.94152516	150.4451505
160829	1	160829_1	13	-148.0568	86.0628	Aug 29 2016	130.276	-0.99695	34.20585	6.61755					
160829	1	160829_1	14	-148.0568	86.0628	Aug 29 2016	130.28	-1.0204	34.19865	6.6189			136.1629587	46.57883673	182.7417954
160829	1	160829_1	15	-148.0568	86.0628	Aug 29 2016	100.339	-1.3177	33.7131	6.29475					
160829	1	160829_1	16	-148.0568	86.0628	Aug 29 2016	85.142	-1.36505	33.2182	5.8984					
160829	1	160829_1	17	-148.0568	86.0628	Aug 29 2016	69.914	-1.39925	32.6468	5.79675				19.27662654	
160829	1	160829_1	18	-148.0568	86.0628	Aug 29 2016	59.512	-1.4051	32.22915	6.4865				11.72865126	
160829	1	160829_1	19	-148.0568	86.0628	Aug 29 2016	50.101	-1.36825	31.6425	7.13985			24.8	15.07371292	39.87371292
160829	1	160829_1	20	-148.0568	86.0628	Aug 29 2016	35.467	-1.5593	29.5821	8.8381			74.94609257	0.995084224	75.94117679
160829	1	160829_1	21	-148.0568	86.0628	Aug 29 2016	20.141	-1.569	29.5579	8.8292				0.801356331	
160829	1	160829_1	22	-148.0568	86.0628	Aug 29 2016	7.96	-1.57175	29.5549	8.8274			24.8	0.801356331	25.60135633
160829	1	160829_1	23	-148.0568	86.0628	Aug 29 2016	7.963	-1.57165	29.55495	8.83025					
